86
1.23
2.45
3.67
4.89
6.11
7.33
8.55
9.77
10.99
12.21
13.43
14.65
15.87
17.09
18.31
19.53
20.75
21.97
23.19
24.41
25.63
26.85
28.07
29.29
30.51
31.73
32.95
34.17
35.39
36.61
37.83
39.05
40.27
41.49
42.71
43.93
45.15
46.37
47.59
48.81
50.03
51.25
52.47
53.69
54.91
56.13
57.35
58.57
59.79
61.01
62.23
63.45
64.67
65.89
67.11
68.33
69.55
70.77
71.99
73.21
74.43
75.65
76.87
78.09
79.31
80.53
81.75
82.97
84.19
85.41
86.63
87.85
89.07
90.29
91.51
92.73
93.95
95.17
96.39
97.61
98.83
100.05
98.82
97.59
96.36
95.13
93.90